TP1: 693
TP2: 71
TP: 764
FP: 0
FN: 48
P: 1
R: 0.940887
F1: 0.969543
